[cam_0]
name = "cam_0"
size = [ 640, 480,]
matrix = [ [ 630.9608265527839, 0.0, 319.5,], [ 0.0, 630.9608265527839, 239.5,], [ 0.0, 0.0, 1.0,],]
distortions = [ -0.2687, 0.0125, 0.0, 0.0, 0.0,]
rotation = [ 0.025518356803011892, 0.006196565949994178, -0.0182621608206352,]
translation = [ -3.72941532252391, 18.68754426383602, -186.416001582371,]

[cam_1]
name = "cam_1"
size = [ 640, 480,]
matrix = [ [ 638.2950116197652, 0.0, 319.5,], [ 0.0, 638.2950116197652, 239.5,], [ 0.0, 0.0, 1.0,],]
distortions = [ -0.2687, 0.0125, 0.0, 0.0, 0.0,]
rotation = [ 0.08536060888372639, 1.184464848105451, 0.37694628887234616,]
translation = [ -699.445441126085, -92.77367875067138, 253.6860116827756,]

[cam_2]
name = "cam_2"
size = [ 640, 480,]
matrix = [ [ 630.4961541473848, 0.0, 319.5,], [ 0.0, 630.4961541473848, 239.5,], [ 0.0, 0.0, 1.0,],]
distortions = [ -0.2687, 0.0125, 0.0, 0.0, 0.0,]
rotation = [ -0.3443687885535833, -0.3576237711814022, -0.08642729065276172,]
translation = [ 194.66451165744596, -112.3070282772875, -43.72113773251546,]

[metadata]
