[cam_0]
name = "cam_0"
size = [ 640, 480,]
matrix = [ [ 602.165025024402, 0.0, 319.5,], [ 0.0, 602.165025024402, 239.5,], [ 0.0, 0.0, 1.0,],]
distortions = [ -0.35107197321114614, 0.0, 0.0, 0.0, 0.0,]
rotation = [ 0.05075375615431583, 0.04070580473551818, -0.031533660369254715,]
translation = [ -16.034604051706328, 24.932982317197233, -120.89507968486265,]

[cam_1]
name = "cam_1"
size = [ 640, 480,]
matrix = [ [ 714.1226141970498, 0.0, 319.5,], [ 0.0, 714.1226141970498, 239.5,], [ 0.0, 0.0, 1.0,],]
distortions = [ -0.4324345434634226, 0.0, 0.0, 0.0, 0.0,]
rotation = [ -0.3243929670108652, -0.3807216123822797, -0.1008497935932729,]
translation = [ 219.83182333165234, -106.91934948252359, 76.90464025851334,]

[metadata]
